c(valin) / M,v / (myM/min)								
0.0010,0.0059								
0.0012,0.0070								
0.0014,0.0080								
0.0016,0.0090								
0.0018,0.0100								
0.0020,0.0109								
0.0030,0.0153								
0.0040,0.0192								
0.0050,0.0225								
0.0060,0.0255								
0.0070,0.0281								
0.0080,0.0305								
0.0090,0.0327								
0.0100,0.0347								
0.0125,0.0388								
0.0150,0.0422								
0.0175,0.0451								
0.0200,0.0474								
0.0225,0.0495								
0.0250,0.0512								
0.0275,0.0528								
0.0300,0.0541								
0.0325,0.0554								
0.0350,0.0563								
0.0375,0.0574								
0.0400,0.0582								
									
									
